LAT=50.930581
LNG=5.780691
